138 182
170 193
188 199
218 208
235 215
262 224
131 221
163 229
180 236
211 244
230 249
254 256
128 235
161 243
180 248
208 257
227 260
252 268
121 271
151 279
172 284
201 291
219 296
244 300
116 288
150 296
170 298
198 306
216 310
241 315
109 326
139 332
161 336
190 340
210 345
235 348
285 225
312 227
333 228
362 232
383 233
416 234
278 260
305 262
325 265
357 266
376 270
409 271
275 273
303 277
323 278
352 283
373 284
404 289
270 307
296 310
316 314
345 316
366 321
397 324
267 318
294 324
315 327
343 331
363 334
394 338
261 352
286 354
307 359
338 366
356 371
388 376
